 51
 16
 52
 19
 53
 22
 54
 25
 55
 27
 56
 29
 57
 31
 58
 33
 59
 34
 60
 36
 61
 37
 62
 39
 63
 39
 64
 41
 65
 42
 66
 43
 67
 44
 68
 44
 69
 45
 70
 46
 71
 47
 72
 47
 73
 48
 74
 48
 75
 49
 76
 50
 77
 50
 78
 50
 79
 51
 80
 51
 81
 51
 82
 52
 83
 52
 84
 52
 85
 52
 86
 52
 87
 52
 88
 52
 89
 52
 90
 52
 91
 52
 92
 52
 93
 52
 94
 52
 95
 52
 96
 52
 97
 51
 98
 51
 99
 51
 100
 51
 101
 50
 102
 50
 103
 49
 104
 49
 105
 48
 106
 48
 107
 47
 108
 46
 109
 46
 110
 45
 111
 44
 112
 43
 113
 42
 114
 41
 115
 40
 116
 39
 117
 38
 118
 36
 119
 35
 120
 33
 121
 31
 122
 30
 123
 28
 124
 25
 125
 23
 126
 20
 127
 16
 128
 11
